對解答有問題歡迎詢問
第一題:
1.遇到要刪除的點或行是空的話，等於沒有刪到任何東西
2.要新增的數字不會因為最大值被刪掉而有所改變
測資解答:
測資1:
8 5 2 10
9 3 11
測資2:
16 15 9 17
12 11 5 18
8 7 1 19
4 3 20
測資3:
20 24 23
15 19 18
10 14 13
5 9 8
28 27 26

第二題:
1.分裂時root的左右子樹會被分裂成兩棵樹，原本root的左右子節點則成為兩棵樹的root
2.不平衡的定義為 (左子樹高-右子樹高) 的絕對值，為insert時的路徑由下往上檢查
測資1:
5
測資2:
2
測資3:
11

第三題:
1.重複的資料放左子樹
2.要確保每次不平衡node的找尋都是由下往上
測資1:
50 0
30 0
40 1
35 2
80 1
25 1
40 30 25
40 30 35
40 50 80
測資2:
80 0
70 0
90 0
60 0
65 1
40 2
30 2
20 3
10 6
40 80 65 60
40 80 65 70
測資3:
10 0
50 0
40 1
30 2
15 3
55 2
10 2
35 3
60 2
90 3
30 50 40 35
30 50 60 55
30 50 60 90

