100 
932 100 12 
10 22 23 26 11 22 13 18 17 30 14 8 5 31 18 2 8 7 4 15 23 17 3 3 14 24 7 2 11 18 7 27 21 27 27 23 29 14 30 17 3 28 22 8 28 22 23 19 18 13 5 21 13 29 25 18 17 4 5 32 8 25 27 1 1 27 11 16 24 8 11 25 24 16 29 15 31 8 11 24 2 3 22 11 16 30 15 30 27 27 5 25 20 16 1 15 22 32 14 13 
640 59 14 
32 21 16 29 20 6 16 35 6 5 33 5 22 5 23 25 3 5 11 12 2 19 25 9 35 16 34 18 15 7 13 12 23 21 2 14 31 37 36 4 1 22 2 21 16 18 6 19 4 20 7 23 22 30 2 7 2 34 26 
805 154 9 
20 4 20 5 13 10 9 3 13 20 9 20 1 19 18 14 20 13 7 17 14 8 6 8 7 13 1 1 16 16 5 10 14 5 18 11 17 11 2 12 8 3 8 17 19 19 10 19 14 11 18 16 20 3 13 6 18 14 13 12 13 3 13 17 1 18 3 5 19 6 9 1 2 1 19 3 5 3 19 2 16 10 2 3 12 4 18 20 12 7 17 8 10 6 13 2 13 13 4 11 8 11 19 10 14 13 1 11 12 18 13 8 8 5 3 9 15 19 10 14 9 6 8 13 19 4 14 2 10 8 12 3 3 18 11 12 14 9 11 11 10 6 3 4 16 6 2 14 16 20 17 17 13 8 
969 62 17 
40 51 37 25 7 3 8 32 16 3 10 21 47 37 25 1 48 46 10 43 19 13 14 41 16 25 48 16 16 30 9 18 51 37 37 38 18 29 28 10 18 27 19 18 26 11 45 18 32 23 49 43 2 22 26 24 46 15 43 26 16 19 
232 42 19 
3 17 17 21 21 2 8 21 10 14 5 1 7 18 18 20 10 1 4 12 16 18 13 14 8 10 7 20 16 18 5 5 6 7 11 14 20 16 14 8 12 4 
763 49 6 
6 17 20 2 50 31 23 4 20 48 37 45 25 8 25 23 47 32 6 13 39 27 34 20 22 51 2 31 26 9 26 12 22 25 41 46 1 16 5 50 49 35 43 40 31 32 16 32 34 
456 70 11 
10 15 15 12 13 21 20 14 12 12 9 5 23 6 22 16 8 3 2 6 24 15 2 10 20 11 10 10 1 2 17 4 21 16 24 2 1 14 11 17 4 17 12 4 17 4 20 14 4 3 12 16 24 2 11 7 21 20 24 17 24 24 18 10 20 9 6 2 8 22 
962 178 4 
14 12 13 7 14 8 8 19 6 14 2 13 2 10 13 8 2 21 4 2 6 3 2 18 19 1 1 9 12 10 18 19 12 11 10 7 11 18 4 8 14 11 5 13 4 18 8 14 3 10 19 10 21 2 17 5 4 16 20 11 17 5 2 3 3 8 7 1 19 13 8 2 20 21 21 14 13 11 8 18 20 3 3 17 15 12 16 17 6 16 15 11 4 17 10 5 20 3 10 2 14 6 10 19 15 3 9 4 14 12 14 16 11 10 21 2 16 14 12 10 11 21 15 12 13 8 17 4 2 21 6 20 21 16 4 18 7 4 12 9 12 14 13 11 19 6 6 7 2 12 8 15 1 9 21 20 6 11 7 7 2 6 2 20 10 7 20 17 8 8 21 20 20 2 18 11 9 18 
250 94 12 
8 2 2 9 4 6 12 3 10 4 7 7 9 12 11 6 10 9 2 1 2 5 8 5 11 2 9 1 6 7 10 3 4 7 9 11 7 8 10 5 4 11 2 4 11 11 3 1 3 3 8 2 6 8 3 12 3 11 4 8 6 7 8 1 11 9 1 1 11 1 8 8 12 8 4 5 12 10 5 12 11 6 9 4 8 8 10 2 12 7 4 9 9 11 
320 85 15 
16 4 16 16 7 13 14 13 8 15 5 3 13 16 4 15 10 16 10 6 6 15 10 4 9 16 9 3 6 12 10 14 11 10 12 6 6 13 2 5 10 14 3 1 3 13 3 3 6 2 2 9 13 8 3 9 2 12 16 7 9 2 12 9 2 10 9 9 15 1 12 10 3 10 13 14 12 14 3 7 3 2 15 13 2 
969 68 4 
19 33 4 1 40 33 37 44 8 37 9 1 22 8 42 22 34 20 47 41 47 39 17 31 16 6 27 9 3 15 45 43 47 44 22 17 20 5 46 39 3 30 27 29 30 22 26 17 29 44 8 41 41 20 2 34 38 35 2 8 29 31 25 25 4 14 31 47 
134 83 4 
6 9 6 6 2 7 3 7 6 5 1 4 2 5 5 4 8 9 6 7 8 2 8 2 1 6 7 4 5 8 1 7 5 1 1 5 6 8 1 5 1 7 4 6 8 7 9 6 7 9 6 1 3 3 4 4 4 8 9 2 8 8 1 9 1 6 6 3 1 2 7 8 6 7 4 3 5 6 6 8 7 8 6 
487 37 5 
27 25 11 32 25 1 22 16 42 41 43 36 24 32 25 22 40 38 39 35 14 1 19 25 44 9 35 32 42 3 2 23 27 41 37 18 20 
212 113 8 
1 6 10 9 4 7 3 6 7 10 5 10 2 6 6 3 5 9 5 1 8 3 7 3 1 2 6 5 7 9 3 4 1 5 6 1 5 6 4 3 9 4 9 5 4 10 5 2 9 5 8 9 2 6 4 8 9 4 4 3 4 10 7 4 9 8 5 2 9 9 8 4 2 2 10 5 8 2 9 1 2 1 4 10 7 1 7 9 10 10 7 3 1 8 2 1 4 3 10 1 4 9 10 7 9 9 3 4 9 6 8 10 9 
370 12 15 
36 4 14 75 70 75 88 1 45 61 33 40 
999 13 5 
5 48 222 143 224 196 62 158 224 137 142 145 105 
125 15 2 
28 11 29 8 23 16 25 4 20 13 7 5 9 23 15 
855 154 7 
11 12 17 20 14 3 21 18 17 7 17 1 12 4 10 20 20 1 16 11 17 9 20 15 10 2 4 18 8 2 16 6 21 18 5 16 9 8 21 13 5 13 3 20 20 2 12 3 20 2 15 16 10 14 11 7 6 3 15 11 1 13 2 14 13 21 17 3 12 20 17 18 20 20 7 8 13 5 20 11 5 13 16 9 13 8 15 16 10 16 20 5 21 13 21 16 13 21 18 15 6 20 2 4 6 4 20 20 16 9 2 7 14 14 21 17 15 20 3 4 18 12 7 12 14 4 9 16 19 6 14 18 19 21 14 13 3 6 8 2 10 21 1 5 1 2 9 15 6 18 6 21 1 6 
751 143 13 
3 5 7 19 3 19 16 5 7 8 18 13 5 5 11 4 9 8 10 12 12 5 11 4 14 4 1 8 18 9 3 8 14 19 8 3 5 12 16 4 1 15 3 18 20 19 16 13 5 3 7 4 6 2 3 20 2 2 19 1 20 11 6 12 6 13 20 17 15 10 2 9 9 9 13 14 11 4 7 6 5 15 3 17 14 1 10 11 11 10 2 14 9 5 10 12 9 16 14 3 13 19 4 12 2 17 19 5 16 5 3 3 9 7 5 7 6 1 5 9 10 12 17 5 13 3 11 8 4 4 14 11 5 8 9 1 17 20 1 11 20 17 16 
927 126 16 
18 2 6 21 12 6 4 26 14 23 26 5 21 15 17 19 26 25 3 27 9 4 10 25 20 8 16 11 15 23 19 14 24 25 18 20 25 7 26 26 14 25 10 13 11 18 5 14 23 17 13 16 22 8 20 10 13 3 8 20 5 15 13 21 22 7 5 16 16 5 9 16 21 12 2 13 10 25 26 14 15 16 14 5 23 23 3 13 25 10 20 14 9 8 4 21 20 26 23 25 4 1 21 16 22 6 15 22 13 5 17 4 25 18 2 18 22 25 24 18 20 20 23 1 8 15 
675 96 2 
14 7 20 21 17 14 3 10 9 19 19 19 2 12 13 12 3 11 5 20 26 21 6 18 16 12 25 16 9 12 17 26 10 22 16 19 26 16 17 13 23 9 10 12 16 10 2 6 9 25 8 4 3 19 8 6 19 23 11 17 18 11 1 11 18 26 9 17 22 26 10 18 13 11 16 9 6 22 11 25 10 7 9 2 17 1 25 20 20 23 4 1 5 24 20 11 
786 65 9 
38 25 40 40 12 11 3 36 8 33 11 40 2 24 18 31 41 19 21 38 23 32 10 41 8 25 12 2 26 30 38 25 4 23 31 3 28 18 30 34 35 18 36 6 13 25 2 39 39 14 32 32 20 19 1 41 39 7 33 27 27 7 16 22 33 
160 159 14 
7 2 7 7 7 1 8 5 4 6 1 4 3 2 5 1 3 5 3 5 4 3 2 1 1 5 1 4 3 4 7 1 6 3 6 4 7 6 5 6 6 5 6 7 8 5 4 4 1 1 2 1 8 5 8 8 3 4 7 3 5 2 8 6 5 4 7 1 8 6 6 4 2 5 7 4 1 7 1 5 3 8 8 8 1 7 6 8 3 8 6 7 6 2 3 6 4 3 4 5 3 3 2 7 8 7 5 2 5 7 4 5 1 2 4 3 7 8 4 8 2 1 6 1 7 4 7 8 3 2 3 8 7 4 3 6 1 1 8 1 5 5 5 4 3 7 8 1 3 2 1 8 6 7 6 8 7 8 6 
213 163 19 
4 3 4 8 7 2 4 5 8 3 8 1 3 1 2 7 2 3 4 4 6 1 2 2 7 5 7 6 6 5 3 4 1 6 3 1 7 3 1 2 5 5 6 3 7 5 5 2 3 1 2 6 3 3 3 2 1 8 6 6 8 7 3 8 8 8 3 6 3 8 1 7 6 2 7 3 2 7 5 1 3 2 6 8 8 5 3 7 4 8 4 8 4 4 3 2 3 2 4 7 2 1 3 6 4 8 4 2 1 8 8 2 1 6 6 2 4 8 1 1 8 6 1 4 2 3 4 4 8 3 6 4 6 7 7 6 7 7 4 6 7 8 8 6 7 6 5 4 1 3 5 1 4 1 6 3 2 5 5 5 8 4 2 
529 101 10 
17 7 7 20 3 16 11 2 9 14 19 10 16 10 5 3 8 1 13 14 10 3 11 1 11 1 14 5 15 10 12 1 2 17 12 11 10 17 20 11 5 12 6 9 13 20 9 12 9 15 7 8 17 18 6 12 17 4 16 1 2 15 19 13 5 4 9 3 12 3 7 14 14 10 4 20 19 6 17 13 4 5 2 12 20 6 3 9 7 2 12 8 17 5 2 17 11 12 7 13 6 
995 182 19 
12 13 11 2 4 8 4 5 13 4 8 15 11 17 2 3 10 13 6 12 15 18 1 17 1 10 4 15 3 2 1 6 11 4 10 15 12 21 9 8 8 9 9 11 21 8 7 2 1 4 15 12 17 2 21 14 12 13 19 8 12 20 2 7 11 13 18 13 18 1 9 2 12 6 3 12 9 8 4 2 16 3 17 13 11 9 3 20 9 7 1 9 18 3 2 8 8 5 11 3 18 19 16 8 15 21 9 12 5 1 20 17 10 14 6 10 14 11 4 13 1 16 1 3 21 15 6 15 6 12 7 17 6 18 21 11 18 11 3 16 21 11 14 6 4 16 18 10 9 10 8 5 8 13 21 14 21 7 15 3 2 6 2 21 20 18 19 11 6 10 11 17 6 8 17 10 5 7 9 14 18 7 
711 117 16 
12 3 1 3 20 23 10 5 20 8 17 22 9 13 7 16 19 12 2 20 12 12 23 22 17 17 6 10 1 9 16 16 16 23 13 17 2 2 19 1 20 4 16 17 16 8 10 9 13 8 10 14 3 1 18 9 16 17 19 8 15 5 15 5 17 9 4 20 2 10 3 15 9 1 19 5 14 4 19 5 13 12 14 5 1 8 19 8 15 15 9 5 1 18 14 21 1 18 7 10 22 18 1 21 4 4 4 22 21 20 10 22 18 8 22 9 14 
211 84 18 
3 2 8 11 1 3 4 1 7 11 8 9 2 9 6 6 5 3 2 9 11 6 6 5 3 7 7 12 4 6 6 3 3 5 7 1 3 7 2 4 7 10 11 11 6 2 8 11 3 2 3 10 10 4 10 4 3 8 1 10 1 9 3 5 6 7 1 1 9 4 5 1 12 2 11 8 11 12 4 12 8 9 5 6 
888 152 6 
18 1 15 10 14 10 15 3 3 6 16 19 10 11 2 7 22 12 13 13 4 8 17 13 15 11 10 21 10 18 2 17 5 20 19 13 3 16 22 19 22 19 6 2 2 19 2 11 22 9 14 19 20 16 19 11 1 10 16 20 2 13 17 2 9 9 2 13 11 19 2 7 19 7 18 9 17 17 12 8 2 21 19 4 3 7 3 5 15 3 21 17 19 18 8 4 2 2 6 4 17 11 2 7 4 12 7 18 8 15 16 15 7 8 10 3 11 5 7 6 3 6 1 17 1 22 13 19 2 17 11 4 4 12 22 2 1 16 6 8 12 18 15 7 8 2 4 19 1 8 21 19 
817 183 11 
10 11 17 13 18 1 5 6 2 8 8 3 8 17 15 16 8 3 2 3 12 15 11 15 1 4 2 4 11 11 5 9 18 2 12 9 10 3 18 13 18 12 11 13 6 3 1 16 3 16 1 12 9 10 17 3 14 14 3 2 5 4 9 3 16 16 2 7 12 8 3 16 9 7 7 14 18 5 16 7 2 10 1 3 14 14 5 1 11 16 9 5 4 1 13 12 8 18 15 17 9 10 16 14 10 15 17 13 12 4 5 6 14 1 12 8 8 10 17 18 8 5 15 10 10 3 8 17 3 3 11 11 11 10 8 4 12 9 11 6 2 11 14 6 8 4 14 4 7 8 12 11 10 11 17 13 2 11 18 4 2 9 3 7 15 3 15 4 18 18 11 7 2 9 17 3 14 18 7 3 6 5 17 
310 132 14 
9 1 7 8 5 1 12 7 6 8 7 6 5 2 4 10 9 3 9 4 10 11 7 5 10 7 2 8 1 5 7 3 11 10 6 1 7 2 12 6 6 3 6 11 6 9 7 7 9 2 2 2 1 2 8 6 1 1 5 7 3 8 12 11 3 12 12 2 4 9 3 6 10 2 10 10 12 5 7 12 7 6 2 4 7 11 12 4 11 3 8 1 7 11 10 7 5 8 4 7 1 6 6 3 2 5 6 8 12 10 9 4 3 8 9 3 7 11 12 7 2 12 11 9 12 11 6 1 9 6 11 5 
219 110 1 
8 10 1 1 4 2 10 3 6 3 6 8 8 3 4 9 9 3 10 3 1 8 2 9 1 4 8 10 1 8 9 9 2 6 8 8 4 7 6 2 4 10 5 4 7 8 10 2 5 4 1 6 9 2 2 10 5 4 1 10 9 8 9 1 8 8 6 8 5 2 1 3 10 10 10 10 5 2 3 4 2 8 2 1 2 4 3 9 8 10 6 9 6 2 6 4 9 8 8 3 10 7 1 3 4 2 2 1 2 7 
371 147 17 
3 5 7 11 5 8 9 10 3 11 12 3 12 6 7 7 2 8 8 7 12 2 7 6 11 5 9 9 1 11 8 2 10 2 1 7 3 5 9 1 1 2 4 6 6 1 7 12 11 1 12 11 1 4 11 6 7 10 11 5 12 4 5 9 1 10 4 5 3 6 10 12 6 11 2 6 8 2 7 3 3 3 4 9 4 10 12 6 6 4 3 6 2 12 2 10 5 11 12 9 3 7 1 9 1 6 11 6 5 10 10 11 3 4 4 9 12 10 11 8 11 5 10 11 12 7 10 3 4 11 4 3 4 10 5 7 9 2 10 10 8 2 6 4 12 5 2 
467 165 2 
3 3 13 1 3 11 9 9 3 10 9 8 8 3 5 3 7 6 1 10 5 11 6 13 7 6 12 2 5 8 8 4 7 12 3 2 3 4 4 13 6 2 7 5 1 4 1 11 3 2 9 3 6 7 8 7 10 9 4 12 10 4 13 1 8 9 12 12 13 8 5 2 6 5 3 5 10 7 5 10 11 8 10 2 9 11 6 11 4 11 1 4 1 8 6 9 5 12 8 1 7 9 6 13 13 4 13 11 4 9 13 4 9 10 13 13 6 4 7 7 4 8 13 13 1 2 3 5 10 2 9 5 6 2 11 9 12 12 2 2 12 7 2 12 6 2 5 8 7 13 5 5 1 6 10 11 11 3 1 3 3 13 13 9 4 
478 42 10 
9 12 13 36 19 20 10 25 13 3 1 16 29 10 37 33 15 34 16 20 1 32 33 20 35 32 25 32 33 15 39 26 28 19 14 9 2 26 18 8 28 2 
655 115 14 
3 21 22 15 4 13 3 15 16 22 17 14 10 8 18 18 11 18 6 4 10 6 13 14 8 16 13 1 6 15 10 10 19 7 8 12 18 4 21 7 4 15 4 13 13 12 14 4 19 19 18 5 20 18 6 11 15 7 19 6 13 13 21 5 22 2 4 11 19 7 12 13 9 18 9 13 22 21 9 13 7 5 15 1 8 14 4 7 8 21 18 12 18 8 15 22 14 13 14 20 12 18 19 8 13 13 22 19 14 8 7 16 13 22 8 
423 113 18 
8 1 6 8 13 13 15 5 14 5 13 8 14 10 14 9 4 9 9 16 13 16 6 4 11 16 16 6 3 3 10 14 6 16 16 6 14 12 16 7 12 3 9 1 15 8 3 15 7 9 15 9 10 7 16 11 7 4 9 7 10 14 9 7 16 11 5 5 11 5 5 14 8 8 2 4 14 9 13 4 10 10 4 8 9 11 1 13 5 3 3 7 4 16 1 3 13 11 12 13 13 15 4 4 9 11 14 11 5 6 5 1 4 
276 48 11 
11 14 21 11 13 11 13 8 3 18 14 19 11 8 15 21 4 11 15 16 11 21 1 21 4 3 6 3 22 11 4 6 3 13 8 8 6 5 15 4 17 7 7 14 6 17 22 3 
419 133 13 
11 10 6 14 10 6 3 2 8 2 7 7 14 14 12 1 14 14 8 11 12 2 6 5 12 11 6 10 12 6 10 3 13 13 7 10 9 7 12 8 2 14 4 13 1 8 9 6 6 1 9 4 2 5 12 10 5 4 10 12 5 8 2 10 11 2 14 4 4 1 4 7 13 4 8 7 1 7 9 13 8 10 1 7 13 7 8 7 8 10 7 6 12 6 8 14 1 5 6 10 6 14 6 9 1 2 4 10 8 12 3 14 6 8 5 12 8 4 10 7 14 1 2 1 11 3 12 4 13 14 13 6 13 
596 192 3 
13 11 2 5 6 1 7 6 2 9 6 10 7 4 13 8 5 7 12 10 10 2 3 6 11 6 8 9 5 9 9 10 6 10 5 8 3 14 14 14 12 5 2 10 8 3 9 3 4 11 5 9 9 11 4 5 3 7 8 14 1 14 4 14 12 3 7 11 5 2 2 2 10 3 2 12 12 12 6 6 5 1 14 1 14 12 14 2 9 13 2 12 7 2 13 11 8 2 13 11 8 8 10 1 12 1 9 13 9 12 13 6 12 6 9 5 5 3 10 1 11 6 3 6 2 3 8 4 2 14 8 3 9 4 8 2 8 3 8 8 8 3 13 2 5 14 11 11 13 8 6 9 8 12 13 10 6 12 4 4 8 3 9 7 4 12 9 11 12 7 4 9 7 3 6 2 2 11 6 14 14 7 1 10 2 2 5 8 14 11 5 8 
890 166 13 
13 20 1 9 8 3 15 1 8 9 10 6 8 19 10 10 12 4 19 19 14 21 1 6 19 10 6 12 13 10 16 6 8 6 12 11 5 1 10 10 6 10 13 11 13 11 11 7 3 5 15 9 14 21 6 10 6 10 19 7 20 1 1 7 20 21 14 5 10 20 14 16 2 1 19 12 17 16 12 17 1 19 4 13 21 20 14 3 9 14 1 12 7 10 6 4 8 10 19 14 21 10 2 13 15 1 13 9 21 5 4 9 6 4 21 3 3 2 15 17 12 17 8 1 12 20 10 7 17 18 8 20 18 9 8 11 1 7 7 16 14 19 19 4 21 21 8 6 15 11 15 18 12 12 16 21 2 4 5 10 3 15 13 20 5 9 
667 104 7 
1 3 4 18 8 5 22 17 14 17 4 20 21 3 17 19 7 15 24 20 4 24 1 3 7 18 10 9 2 20 24 18 23 11 22 11 1 11 4 20 2 23 12 19 6 19 9 17 15 23 1 17 11 7 13 6 11 9 22 4 21 22 10 2 20 21 23 6 15 5 15 1 7 9 21 21 5 1 23 12 11 22 21 11 17 22 1 23 20 1 7 6 2 2 23 18 9 10 24 17 8 10 23 16 
376 82 20 
8 16 1 7 7 2 10 11 16 14 12 14 4 18 9 6 16 5 10 12 4 18 2 14 2 6 8 15 14 5 10 15 8 9 8 12 7 10 14 10 17 11 18 6 4 11 15 16 3 2 4 4 5 13 7 5 6 2 5 6 2 8 7 7 8 12 2 10 3 5 17 11 3 10 2 16 6 3 9 18 2 1 
262 90 20 
6 9 8 6 7 10 2 4 1 13 2 12 5 12 6 5 3 12 9 10 11 12 8 1 7 10 1 11 13 1 11 5 6 5 3 2 10 7 8 3 2 7 7 6 6 4 3 7 6 10 7 6 3 10 11 3 11 1 11 7 1 3 8 10 12 7 4 3 8 8 6 6 4 2 4 10 12 12 10 12 2 2 12 3 10 7 13 12 9 7 
582 85 11 
12 12 5 16 25 4 16 24 3 5 3 9 12 5 23 3 24 18 18 11 9 5 2 3 20 14 22 4 8 7 10 17 15 23 4 23 4 21 22 6 6 23 21 21 17 14 2 25 8 19 15 15 10 19 13 13 18 4 2 21 15 12 22 9 1 24 9 8 13 12 5 16 22 23 3 25 23 22 2 3 3 13 19 20 24 
765 132 8 
11 14 14 8 1 3 22 5 7 3 22 3 22 9 13 12 14 10 21 22 15 19 12 19 10 2 6 15 12 17 3 15 16 6 8 8 13 16 8 20 7 16 9 14 19 15 18 2 2 1 3 19 2 15 20 14 2 5 2 2 20 6 5 16 1 3 1 8 19 17 21 22 19 9 17 20 5 8 8 22 5 11 18 1 1 8 10 14 20 6 17 7 15 5 15 20 17 8 4 10 13 15 7 19 14 10 4 15 22 21 7 13 21 19 5 14 3 19 11 3 3 6 12 9 16 14 10 3 15 20 19 3 
925 112 5 
28 12 23 17 11 9 9 16 21 9 1 9 24 4 7 10 1 24 25 6 22 24 16 24 21 17 19 2 13 26 6 19 21 28 29 10 25 2 2 28 18 18 2 9 2 21 29 22 25 28 23 24 15 24 14 14 24 2 27 14 22 23 20 25 2 8 2 5 5 1 14 5 10 25 18 6 19 9 18 4 14 13 18 11 26 13 23 4 8 5 4 3 15 19 4 15 8 22 21 9 24 17 20 4 15 1 13 15 13 26 11 9 
931 159 19 
11 10 16 7 9 19 19 21 7 12 12 11 10 18 14 13 6 19 5 5 10 6 15 10 1 6 4 2 7 11 2 21 13 21 21 15 7 5 8 17 16 22 15 4 17 2 6 20 13 19 11 12 19 4 13 14 16 16 22 5 10 21 3 7 12 7 15 19 12 21 7 6 9 11 14 19 2 6 9 5 9 9 3 21 15 9 1 6 3 14 4 10 22 19 13 14 17 13 4 5 14 9 22 8 16 20 6 8 9 5 21 9 18 7 13 7 19 22 5 7 21 12 20 4 13 9 15 1 10 13 16 18 19 7 9 20 16 5 9 10 3 13 15 22 8 18 11 5 15 11 10 21 9 21 14 14 10 5 17 
639 93 4 
20 2 24 2 9 5 5 4 12 11 9 1 14 17 7 22 4 10 3 9 7 8 16 11 8 3 7 7 24 25 19 5 15 8 6 3 15 24 18 6 7 13 23 18 8 6 3 21 14 12 17 1 16 13 12 25 6 22 16 5 5 5 19 3 22 7 21 9 5 25 21 9 12 8 3 20 25 25 20 9 10 24 24 22 22 19 23 20 12 23 9 3 1 
619 171 12 
2 9 10 9 7 12 3 10 14 10 5 4 14 14 8 14 9 14 7 4 6 7 4 13 15 9 9 10 6 3 13 8 6 1 12 8 2 9 9 4 4 9 3 6 14 13 1 15 8 2 6 2 8 5 11 4 9 1 15 13 11 14 6 9 14 3 10 6 1 2 8 1 12 14 6 4 1 2 11 11 8 15 9 9 10 15 4 11 7 8 2 3 6 1 5 4 4 5 5 8 12 2 8 7 3 1 8 15 9 3 9 4 12 11 6 14 14 7 9 14 15 11 4 10 1 15 10 12 9 14 14 7 5 15 12 5 1 10 6 11 5 3 9 8 1 1 11 4 8 6 9 8 2 3 13 13 12 14 7 10 12 3 5 6 4 1 3 12 2 15 7 
881 145 3 
11 13 23 1 4 23 1 15 20 1 12 21 17 13 7 16 20 23 6 12 7 1 6 3 10 23 14 22 15 4 8 2 20 8 21 10 6 9 12 18 19 7 15 6 1 10 23 18 18 17 11 16 6 20 8 12 14 6 19 7 19 1 11 22 8 14 12 17 14 3 7 2 13 15 12 21 8 19 20 7 17 17 5 6 3 22 16 16 2 1 1 11 6 21 2 4 17 6 22 17 10 13 20 7 10 12 20 21 14 8 4 2 22 9 12 16 22 18 8 21 8 5 23 18 23 17 8 11 22 13 23 11 22 13 17 19 19 7 19 16 8 16 8 15 4 
880 10 16 
168 213 146 53 88 179 34 261 186 203 
247 158 11 
6 2 7 5 8 8 9 2 8 5 3 8 7 6 3 4 2 2 8 7 1 2 7 7 5 1 8 6 3 8 6 5 1 4 3 9 1 9 8 5 1 9 7 7 8 7 5 4 6 4 2 9 5 7 4 3 8 4 1 9 7 1 8 9 9 7 8 2 6 3 9 6 2 8 5 3 7 4 9 2 4 1 9 6 6 2 2 2 7 5 5 7 3 7 8 6 3 6 9 1 3 1 4 4 9 3 8 1 5 3 3 5 7 4 5 4 6 2 2 2 1 4 8 9 5 8 9 7 6 4 3 3 6 7 8 7 3 5 2 3 7 4 1 2 3 2 6 8 6 6 3 4 8 2 5 3 3 2 
632 61 14 
28 12 26 21 4 25 23 11 8 10 2 13 3 2 3 24 25 12 5 26 2 35 35 13 5 26 19 21 2 11 20 12 36 35 8 1 2 20 1 29 32 5 11 18 9 24 7 33 14 25 15 23 13 7 25 6 15 1 28 9 18 
260 114 9 
1 11 8 6 5 3 6 10 3 1 1 11 10 2 4 6 6 8 9 6 10 8 11 10 1 1 6 10 1 7 4 7 4 11 3 11 7 2 7 11 4 10 4 5 2 3 1 6 11 1 10 1 2 6 8 7 11 6 2 2 2 9 4 3 1 3 11 7 3 5 4 3 2 7 7 9 9 9 9 9 2 11 6 3 6 1 2 5 4 1 10 2 2 1 6 9 11 10 8 1 6 10 6 4 2 6 3 9 5 3 5 9 9 1 
289 167 7 
3 4 3 8 5 8 6 9 3 2 4 9 5 3 1 9 6 8 5 1 6 10 9 6 6 7 6 1 8 4 2 10 10 7 6 6 10 8 9 4 8 9 6 10 6 2 8 6 2 10 6 2 6 1 9 1 7 1 10 7 1 1 2 10 7 8 8 5 4 8 9 5 6 2 8 9 1 5 8 8 3 9 9 8 3 5 8 2 5 9 2 5 2 7 10 2 3 2 9 3 4 7 3 7 4 5 2 8 3 9 3 7 10 7 6 7 2 8 10 1 10 8 3 7 6 8 3 3 10 1 3 7 7 1 9 8 3 9 10 1 2 4 8 5 2 8 1 5 5 9 8 5 7 9 2 3 4 9 7 8 3 4 6 10 6 6 9 
407 136 17 
13 5 12 1 1 5 7 5 1 12 1 3 7 13 12 12 2 4 9 7 9 12 7 8 4 8 6 11 6 4 1 6 6 3 7 12 10 5 12 7 7 8 7 7 4 12 5 13 9 7 11 3 2 7 13 13 1 5 2 4 11 10 12 5 5 12 1 13 2 7 5 5 11 4 13 2 10 6 9 12 13 6 11 4 4 10 10 12 4 12 1 6 6 9 6 9 6 7 2 11 7 10 10 10 6 12 13 2 12 10 3 8 4 13 10 4 9 9 12 11 1 10 1 11 3 4 5 8 5 9 12 7 8 5 2 4 
626 199 13 
7 10 3 2 11 14 2 13 14 9 7 5 6 5 6 13 9 6 3 11 4 11 5 9 5 10 10 3 3 3 11 2 2 4 14 4 12 8 11 2 6 3 7 10 7 5 8 13 9 3 4 4 7 6 1 3 3 7 1 3 10 6 4 6 12 6 3 14 3 2 3 3 14 5 1 9 7 4 3 11 14 13 7 13 2 8 11 13 1 12 14 9 13 2 8 6 11 3 6 11 2 9 8 3 6 2 4 4 14 9 13 12 7 10 12 11 10 14 4 4 14 5 7 12 5 9 7 9 12 12 1 14 14 2 7 9 1 10 14 1 10 6 9 14 7 1 13 8 9 12 10 7 2 1 9 13 9 6 3 6 12 10 7 6 10 11 2 13 11 2 9 5 7 12 5 4 13 1 3 9 8 3 3 11 4 12 5 13 14 11 14 10 3 5 2 10 8 9 3 
960 55 9 
19 22 11 31 30 7 4 5 50 22 22 2 14 7 32 39 34 20 6 5 11 37 20 3 18 9 20 47 30 12 20 36 29 54 53 47 15 6 27 23 1 55 36 30 11 30 56 46 2 14 49 20 3 5 44 
665 28 12 
69 75 50 50 71 46 48 3 41 5 25 9 39 44 53 58 5 39 48 3 31 7 42 39 49 9 35 33 
472 197 10 
5 9 6 11 2 6 9 6 8 9 11 2 4 5 11 3 1 9 11 12 12 12 1 4 3 10 5 7 5 9 12 11 5 8 4 12 9 6 11 12 10 3 6 3 5 2 12 7 11 10 1 11 12 6 2 9 8 10 5 8 8 9 9 7 3 4 2 7 4 12 2 11 8 3 10 1 3 3 7 12 11 11 3 8 4 6 8 6 1 9 7 1 3 12 8 8 12 8 10 9 7 12 5 4 2 1 11 4 2 6 12 3 11 12 11 5 11 3 6 11 3 5 9 4 1 11 2 3 4 4 5 2 5 4 8 6 6 2 6 12 3 5 3 12 8 10 7 12 10 1 8 12 2 12 5 3 8 8 1 12 1 9 11 5 2 6 11 8 9 1 1 9 10 12 8 7 8 8 10 6 4 4 10 8 9 1 10 7 12 9 10 10 2 6 9 12 11 
729 115 9 
18 10 17 18 22 14 20 23 3 2 8 23 14 5 12 24 9 17 20 16 6 6 13 19 5 8 21 13 12 10 17 2 23 2 15 4 16 7 5 22 24 8 9 23 15 7 2 16 17 23 23 9 18 1 23 17 11 13 16 13 4 23 4 19 20 24 17 23 16 23 16 6 8 7 9 1 24 19 20 12 6 15 11 24 15 8 14 5 23 23 15 20 8 2 24 4 2 12 9 11 5 23 22 16 11 22 8 7 9 7 11 12 15 17 24 
361 181 7 
2 5 5 10 3 2 2 5 3 9 7 9 9 8 9 10 1 8 10 6 8 5 3 2 7 2 1 2 6 7 6 8 1 5 7 2 3 8 4 7 4 1 10 8 9 5 5 8 1 7 1 8 3 4 7 3 3 5 7 7 9 2 8 5 5 10 7 9 7 4 7 2 2 5 6 3 4 10 3 6 1 5 10 6 5 9 4 6 4 6 4 7 2 4 5 10 1 4 9 8 6 4 1 10 3 2 4 1 8 9 4 9 4 2 4 10 9 2 3 10 8 9 2 8 5 4 2 3 9 3 4 8 6 3 9 4 3 9 1 5 4 9 5 1 10 5 9 1 7 7 5 7 5 8 4 6 1 1 9 2 6 6 6 2 9 8 8 5 2 3 2 7 10 1 5 6 4 8 1 2 3 
997 61 3 
18 40 19 11 7 52 1 46 46 43 26 14 28 3 31 41 24 45 34 43 39 49 11 31 48 29 28 35 25 36 29 47 20 47 22 15 27 7 50 44 44 37 22 14 38 32 39 32 34 44 39 2 3 13 50 25 40 41 41 33 41 
959 66 9 
39 35 22 40 31 34 20 45 10 8 12 43 28 13 3 37 47 43 10 23 1 18 3 29 44 44 36 5 5 45 42 21 10 45 32 32 22 9 16 37 38 38 41 40 1 24 2 38 35 2 14 35 11 46 32 22 22 16 32 23 27 22 15 23 9 19 
549 34 9 
27 45 3 3 25 45 10 10 17 33 6 15 6 37 18 4 37 16 14 10 44 21 10 39 38 28 45 29 7 13 24 38 4 33 
207 33 12 
10 14 19 20 21 22 4 2 4 2 19 9 11 10 2 11 9 10 9 17 16 21 14 7 12 5 17 8 11 21 10 15 13 
742 74 6 
22 14 15 17 19 27 29 2 2 4 30 17 24 20 24 27 21 12 3 16 33 26 2 31 28 21 17 14 7 17 4 2 22 20 22 6 21 24 34 7 5 25 15 23 28 13 23 13 28 34 19 30 32 30 27 28 26 11 33 27 20 30 32 7 7 17 6 23 20 3 7 7 29 31 
400 78 15 
3 9 12 9 4 20 5 15 8 16 13 10 15 14 10 2 18 12 13 1 6 4 16 8 16 10 11 4 4 2 15 15 11 5 6 15 2 3 6 1 11 6 18 10 2 1 20 10 1 3 20 14 8 8 1 3 16 20 9 12 8 11 8 9 4 5 7 20 13 3 3 8 1 9 11 11 13 13 
215 58 20 
8 5 14 6 4 3 16 1 2 12 13 3 1 2 13 4 7 7 1 5 2 11 3 1 1 5 2 3 4 4 13 8 1 5 13 7 9 8 8 14 10 15 3 14 6 7 8 9 4 10 9 11 6 3 3 8 10 3 
130 51 1 
4 12 9 1 5 4 8 9 5 10 8 7 7 4 4 1 9 6 11 4 7 9 2 9 7 4 12 9 7 4 1 3 10 6 1 12 7 3 6 10 10 3 5 9 4 9 5 2 9 10 1 
122 180 16 
6 1 3 7 3 2 3 5 2 1 6 7 6 6 5 3 7 5 5 4 3 2 3 2 4 5 1 5 7 2 5 4 1 7 5 5 5 3 4 7 7 4 7 3 5 2 1 6 5 6 6 6 3 7 6 5 3 6 2 5 2 7 7 5 3 2 4 4 2 3 7 6 1 5 5 5 6 6 7 5 5 6 6 6 1 3 4 2 4 2 1 4 7 2 4 4 6 1 2 6 4 6 1 3 6 4 3 1 1 7 6 6 4 7 3 3 4 5 6 5 2 1 5 4 6 3 7 5 6 5 3 7 5 1 7 2 5 1 7 6 7 7 5 2 4 7 7 7 5 5 5 2 5 4 1 2 1 2 1 4 7 3 2 5 2 6 1 1 5 3 6 4 6 2 2 7 4 2 2 3 
205 12 6 
49 26 22 4 54 21 44 21 35 8 11 14 
255 97 7 
6 2 6 5 8 8 6 5 3 1 6 7 11 12 12 8 5 5 2 9 8 8 5 1 9 8 5 11 8 5 6 2 12 8 5 4 5 6 9 5 12 8 7 8 10 3 11 10 12 8 10 10 7 9 9 9 4 12 4 3 6 7 7 6 11 8 7 1 7 7 8 11 3 7 1 2 5 10 1 5 5 11 1 6 11 12 6 12 9 11 4 8 4 5 11 6 7 
969 173 9 
11 18 11 14 9 13 9 9 15 14 15 2 13 13 2 13 11 14 6 8 17 18 1 4 4 16 13 11 19 9 6 10 18 14 12 7 13 18 5 2 10 2 19 14 4 11 16 11 13 17 12 21 13 4 12 4 10 2 1 11 10 7 7 5 2 8 3 11 18 11 2 19 11 13 17 17 6 11 9 19 12 8 11 4 15 14 21 4 4 16 3 12 12 13 17 13 11 11 11 8 5 2 10 11 3 11 8 21 1 7 7 16 14 4 16 7 14 19 12 10 19 20 13 17 8 21 11 11 3 1 17 3 4 16 16 2 6 8 21 18 18 13 2 11 14 9 15 11 1 8 3 17 15 11 8 21 20 18 11 7 17 1 17 2 3 14 20 21 12 21 21 7 4 
394 30 13 
36 10 24 38 39 35 28 42 1 34 3 39 41 36 5 36 20 22 5 38 40 21 11 23 26 18 38 39 25 30 
710 69 13 
14 21 32 28 27 26 8 23 13 18 7 7 13 28 26 11 29 32 13 35 16 28 14 35 14 27 1 23 5 18 8 3 19 22 27 4 13 33 9 15 9 10 29 19 4 14 27 3 28 33 2 12 20 4 5 32 6 6 32 5 17 14 20 6 31 23 20 2 4 
597 140 3 
12 10 17 8 6 16 17 7 8 12 1 6 1 12 15 6 1 17 12 4 13 7 13 13 1 3 3 13 9 1 1 12 11 16 6 15 13 13 12 9 2 10 10 15 13 11 15 6 12 8 4 9 3 15 4 10 2 16 17 14 8 17 17 3 7 3 9 14 3 15 1 7 8 13 2 15 3 16 6 12 12 12 10 7 17 9 6 6 9 9 8 12 10 14 17 16 4 3 5 3 15 4 7 3 1 14 7 17 1 11 12 16 16 12 7 2 13 14 8 11 8 15 12 15 4 14 13 10 5 6 7 14 9 5 5 13 9 6 10 13 
612 157 16 
6 2 4 1 1 9 7 9 11 16 6 7 8 9 4 12 14 7 16 11 7 8 8 9 6 3 16 15 13 2 16 2 15 1 12 4 2 8 8 12 7 5 11 4 12 14 3 1 1 6 10 8 11 13 8 15 6 13 9 2 14 2 15 8 15 9 11 5 11 13 8 16 12 14 9 7 11 3 5 2 16 1 15 6 11 12 11 12 3 13 13 1 13 5 4 14 15 2 8 10 5 15 16 15 3 1 7 10 12 15 15 7 3 1 6 13 1 12 9 6 6 12 6 2 3 4 6 12 7 3 11 13 8 7 6 15 4 6 13 5 9 10 11 9 2 13 8 5 3 6 10 7 7 2 12 15 7 
945 50 10 
2 3 11 43 8 58 28 46 2 47 8 6 55 57 18 52 23 49 11 20 47 34 25 38 51 12 8 44 38 7 29 51 21 19 3 47 12 2 40 53 31 50 42 19 15 23 60 38 57 6 
931 11 18 
130 38 204 190 225 103 251 91 182 66 25 
719 171 15 
10 10 11 11 16 3 8 14 10 8 4 11 17 7 5 9 17 6 11 9 15 16 3 4 13 14 2 9 9 10 17 5 17 1 11 14 15 16 10 1 17 12 9 10 1 13 5 15 8 11 6 11 15 7 13 3 6 11 6 16 7 15 4 5 13 2 10 13 10 2 8 14 4 14 11 13 11 2 4 6 2 17 12 4 5 17 13 9 2 7 12 1 1 4 15 9 7 5 8 13 14 1 8 5 6 16 7 14 12 16 11 14 17 5 5 2 12 8 3 7 3 5 1 6 2 2 1 10 4 6 11 14 13 1 16 10 16 5 16 3 4 7 7 6 4 15 10 10 16 5 7 16 15 15 5 1 11 14 8 5 16 3 1 5 5 15 15 13 4 5 11 
881 19 9 
68 119 124 130 44 28 101 16 76 1 98 34 106 72 47 53 102 125 119 
216 36 3 
9 17 9 7 18 6 18 12 11 16 12 5 20 21 18 11 19 15 3 12 14 15 17 18 21 21 15 16 3 15 12 22 20 10 15 18 
684 91 2 
14 6 6 7 12 4 27 6 20 13 13 26 22 6 12 14 22 3 5 11 10 3 21 4 16 19 21 24 1 7 24 24 14 7 27 25 1 15 16 7 12 9 6 1 18 1 11 15 24 14 2 22 17 7 22 8 8 22 15 14 16 5 6 20 4 26 17 27 8 11 8 24 7 4 13 10 19 13 22 5 6 11 27 12 15 5 7 8 26 14 20 
634 83 18 
25 14 26 25 24 19 2 22 9 25 26 25 24 7 16 27 17 18 9 3 15 24 20 6 3 20 14 6 23 25 2 11 17 27 10 9 4 5 22 15 27 24 22 14 19 7 14 15 23 10 7 11 18 27 6 2 8 9 21 11 17 19 17 7 4 6 8 2 21 24 14 22 10 14 22 26 21 7 16 17 11 2 5 
914 24 20 
111 83 3 58 35 51 4 116 54 116 25 82 83 66 113 108 16 27 78 106 58 11 24 90 
942 129 5 
5 19 10 15 11 5 15 10 5 6 19 23 15 5 26 6 6 9 12 2 11 22 21 22 20 15 17 8 10 15 13 16 22 8 9 1 16 18 4 14 14 15 3 21 24 25 17 9 2 19 26 15 1 24 6 26 18 20 9 24 4 18 21 17 12 25 6 17 4 13 13 14 7 22 14 12 4 1 14 17 17 13 15 20 6 21 11 10 26 4 14 9 16 26 18 19 18 20 26 14 20 5 11 7 10 7 12 3 3 1 7 1 12 23 1 7 8 15 18 1 17 6 14 14 11 17 6 20 2 
245 200 11 
3 3 4 7 3 4 6 4 8 6 7 5 1 1 6 8 6 5 4 2 3 3 2 1 6 7 3 8 7 4 5 3 8 1 6 4 5 3 4 5 6 3 5 7 3 1 8 2 7 1 4 6 7 5 8 2 5 3 3 3 8 1 5 7 6 6 5 1 5 2 4 8 7 8 1 4 4 3 7 1 4 8 4 7 5 3 4 8 1 4 6 4 4 2 4 2 5 8 1 8 3 8 6 4 2 6 5 4 5 6 2 3 6 1 6 5 4 3 6 5 5 8 4 4 4 1 4 5 4 2 2 7 6 6 2 3 7 4 7 6 6 3 1 1 4 4 1 7 5 8 6 7 6 2 5 3 8 5 4 8 4 1 8 7 6 2 8 3 7 2 1 4 6 1 3 3 7 2 4 7 7 7 4 7 7 7 1 1 7 7 4 3 4 7 3 8 4 6 8 5 
243 99 2 
8 10 12 10 9 11 9 9 7 11 2 8 1 10 9 12 10 1 10 4 1 9 3 3 5 12 6 6 1 3 12 10 3 9 1 1 2 7 4 7 4 1 12 3 9 3 7 7 9 7 2 8 8 2 1 5 8 5 9 11 6 7 11 5 9 4 6 12 11 12 8 6 2 12 1 3 10 7 9 8 7 9 11 12 10 8 2 7 7 4 3 9 10 1 10 7 10 7 9 
436 175 13 
11 10 4 8 10 9 9 6 8 5 9 6 10 4 12 7 5 7 11 5 8 1 3 10 2 8 1 9 6 7 1 11 4 3 4 6 2 2 7 3 7 4 12 11 2 8 2 6 10 3 4 3 1 12 2 1 2 4 7 2 12 10 2 9 12 5 8 2 1 4 9 11 10 11 3 7 8 9 7 5 10 5 10 2 9 12 11 7 11 3 9 7 11 5 7 12 2 8 1 3 8 5 2 5 2 8 9 7 10 5 1 1 8 12 4 11 8 11 5 4 12 1 4 4 3 5 7 11 6 4 11 10 2 4 9 10 6 9 5 11 10 5 10 2 8 11 3 10 7 8 10 7 1 6 11 12 1 8 3 7 8 10 6 11 11 8 9 9 10 1 4 6 4 6 7 
851 83 12 
12 6 15 30 13 2 7 25 3 35 19 20 14 33 28 35 8 11 19 12 26 6 16 28 8 1 35 30 34 10 1 24 4 34 17 33 6 25 16 25 20 3 17 35 7 1 6 25 12 15 14 20 35 16 27 29 19 8 22 13 33 3 26 17 15 25 30 27 23 10 1 7 35 1 30 35 1 27 34 25 31 20 28 
175 129 19 
3 9 5 1 9 2 9 6 2 7 3 2 4 9 3 2 4 3 1 5 6 7 7 2 9 3 9 9 5 1 2 7 3 8 1 4 2 4 5 8 1 3 2 9 4 3 3 3 7 9 3 1 3 1 3 8 7 3 5 6 2 1 5 6 5 3 8 6 4 7 1 5 1 4 5 7 7 8 3 1 8 9 2 7 8 4 1 2 6 7 1 8 9 9 2 7 1 3 1 8 4 4 6 5 5 2 7 9 3 8 9 4 4 9 1 6 9 2 7 7 2 6 7 8 1 9 9 3 3 
436 115 11 
2 11 5 4 13 15 3 11 11 3 3 9 13 14 14 15 14 2 2 12 3 14 13 14 16 4 9 9 15 13 15 6 14 12 5 14 6 1 9 8 3 15 3 15 1 15 6 7 3 6 8 1 10 5 3 13 4 16 10 15 2 1 15 6 15 13 4 9 14 7 1 2 3 4 6 15 5 15 1 7 2 14 2 11 3 5 13 13 2 9 16 4 10 7 6 16 13 6 11 12 11 11 1 2 2 11 2 3 1 6 7 6 2 2 8 
852 126 18 
7 1 21 16 3 2 17 9 11 16 9 20 4 12 10 15 21 3 23 21 13 24 20 3 13 21 3 17 24 14 6 2 11 16 21 21 16 13 19 14 14 15 16 2 16 24 11 15 3 13 23 19 5 13 3 24 24 25 8 16 2 23 8 4 9 24 8 15 4 12 12 5 7 23 22 21 8 1 25 24 20 11 25 2 22 4 16 12 6 16 5 15 5 19 24 5 20 5 1 20 23 11 25 10 17 19 5 13 23 20 23 11 2 3 25 21 10 14 17 10 7 3 6 13 11 6 
632 60 8 
20 8 23 12 36 15 25 33 15 13 1 9 11 11 32 30 8 7 7 31 26 29 19 18 1 34 16 20 20 1 18 15 14 10 8 21 16 28 30 17 27 36 18 11 21 14 21 12 10 18 35 27 33 27 36 36 18 26 28 9 
344 151 6 
9 1 11 5 3 9 11 7 5 9 8 9 2 10 4 11 9 1 1 1 3 1 5 1 4 1 11 2 7 7 8 10 4 9 10 10 2 4 6 9 2 8 8 8 4 8 9 6 4 3 11 1 6 2 10 1 11 4 8 3 4 1 3 4 7 10 9 5 11 11 9 1 10 4 3 11 6 1 6 2 1 1 6 5 5 4 8 6 2 4 1 10 4 7 2 10 10 1 11 11 7 8 5 3 6 3 1 5 3 10 7 9 10 9 3 2 3 11 8 3 5 7 5 9 10 11 1 10 3 2 4 4 5 1 3 10 4 5 5 10 7 5 6 10 5 1 8 10 4 1 8 
623 160 12 
10 12 7 2 10 6 7 7 1 2 4 1 2 3 1 6 9 8 3 11 12 14 3 2 1 5 4 3 16 16 7 14 10 1 11 15 10 4 8 3 10 10 14 11 10 9 9 15 13 2 8 5 4 4 14 2 15 15 8 15 16 11 1 16 3 10 3 1 12 11 14 1 15 16 14 4 5 3 7 4 14 4 4 8 2 6 2 7 12 11 6 14 9 13 6 1 13 15 6 15 8 3 1 9 7 13 11 4 13 7 5 12 4 6 1 11 14 13 6 11 1 1 6 8 3 14 14 10 1 8 13 1 6 3 9 2 11 7 15 2 10 14 9 16 7 16 5 7 1 2 3 3 5 10 15 5 4 6 16 2 
273 69 20 
1 15 5 14 4 1 7 16 6 2 1 12 7 16 10 9 4 2 11 1 10 16 12 10 11 6 13 6 2 5 6 7 4 10 16 7 9 3 6 7 9 15 6 6 10 6 13 5 9 9 2 8 6 11 1 15 5 16 11 6 2 5 11 10 5 16 13 13 6 
870 111 16 
11 17 23 15 4 13 11 12 22 11 13 16 3 17 27 2 1 7 4 21 17 22 1 13 18 20 22 8 10 13 1 23 3 26 27 22 10 10 1 20 4 15 14 20 22 26 24 27 3 25 12 3 24 16 14 19 3 18 4 12 10 17 17 27 10 24 21 25 27 24 20 3 19 5 16 18 3 3 11 25 5 16 15 28 2 12 4 1 17 14 27 25 25 20 24 18 24 11 3 6 28 16 14 14 2 26 23 20 1 27 27 
